0 0.7478111111111111 0.697288888888889 0.17596666666666666 0.32685925925925924
0 0.6601999999999999 0.5055407407407407 0.13048888888888888 0.2018962962962963
0 0.9435888888888889 0.5848 0.11283333333333333 0.253437037037037
0 0.7422666666666666 0.33813333333333334 0.09668888888888888 0.1577185185185185
0 0.5375333333333333 0.2941037037037037 0.06285555555555555 0.10468148148148147
0 0.5887888888888888 0.19385185185185183 0.046988888888888886 0.08768888888888889
0 0.4622888888888889 0.18285925925925928 0.055744444444444444 0.08879999999999999
0 0.18842222222222224 0.23838518518518517 0.07294444444444445 0.11900740740740741
0 0.34397777777777777 0.19594074074074072 0.053000000000000005 0.09957037037037036
0 0.38097777777777775 0.3072888888888889 0.07405555555555556 0.11438518518518517
0 0.07275555555555556 0.5881777777777778 0.1455 0.23474074074074072