1 0.875801354401806 0.43358870967741936 0.2484198645598194 0.38044354838709676
1 0.3144469525959368 0.7921774193548388 0.6288939051918736 0.4156451612903226
1 0.0990293453724605 0.36665322580645165 0.19803611738148985 0.2267741935483871
1 0.4681038374717833 0.24850806451612903 0.17045146726862304 0.16153225806451613
1 0.7055304740406321 0.1693548387096774 0.11765237020316026 0.12608870967741936
1 0.8437923250564334 0.11439516129032258 0.09413092550790068 0.08915322580645162
1 0.3563431151241535 0.09137096774193548 0.06534988713318285 0.07818548387096774
1 0.25954853273137696 0.16173387096774194 0.109255079006772 0.1347983870967742
1 0.1810158013544018 0.13431451612903228 0.06018058690744921 0.07995967741935484
1 0.27537246049661396 0.0847983870967742 0.06288939051918736 0.07818548387096774
1 0.6586681715575621 0.09181451612903226 0.09878103837471783 0.08608870967741936
1 0.48677200902934536 0.12008064516129033 0.1161625282167043 0.10407258064516128
1 0.7738600451467268 0.06943548387096773 0.07205417607223477 0.06939516129032258
1 0.8763205417607223 0.047943548387096774 0.08065462753950338 0.06850806451612902
1 0.09392776523702032 0.11044354838709677 0.08620767494356658 0.0707258064516129